time	5	8	12	16	 end
0	0.0	0.0	0.0	0.0
6	0.0	0.0	0.0	0.0
12	0.0	0.0	0.0	0.0
18	0.0	0.0	0.0	0.0
24	0.0	0.0	0.0	0.0
30	0.0	0.0	0.0	0.0
36	0.0	0.0	0.0	0.0
42	0.0	0.0	0.0	0.0
48	0.0	0.0	0.0	0.0
54	0.0	0.0	0.0	0.0
60	0.0	0.0	0.0	0.0
66	0.0	0.0	0.0	0.0
72	0.0	0.0	0.0	0.0
78	0.0	0.0	0.0	0.0
84	0.0	0.0	0.0	0.0
90	0.0	0.0	0.0	0.0
96	0.0	0.0	0.0	0.0
102	0.0	0.0	0.0	0.0
108	0.0	0.0	0.0	0.0
114	0.0	0.0	0.0	0.0
120	0.0	0.0	0.0	0.0
126	0.0	0.0	0.0	0.0
132	0.0	0.0	0.0	0.0
138	0.0	0.0	0.0	0.0
144	0.0	0.0	0.0	0.0
150	0.0	0.0	0.0	0.0
156	0.0	0.0	0.0	0.0
162	0.0	0.0	0.0	0.0
168	0.0	0.0	0.0	0.0
174	0.0	0.0	0.0	0.0
180	0.0	0.0	0.0	0.0
186	0.0	0.0	0.0	0.0
192	0.0	0.0	0.0	0.0
198	0.0	0.0	0.0	0.0
204	0.0	0.0	0.0	0.0
210	0.0	0.0	0.0	0.0
216	0.0	0.0	0.0	0.0
222	0.0	0.0	0.0	0.0
228	0.0	0.0	0.0	0.0
234	0.0	0.0	0.0	0.0
240	0.0	0.0	0.0	0.0
246	0.0	0.0	0.0	0.0
252	0.0	0.0	0.0	0.0
258	0.0	0.0	0.0	0.0
264	0.0	0.0	0.0	0.0
270	0.0	0.0	0.0	0.0
276	0.0	0.0	0.0	0.0
282	0.0	0.0	0.0	0.0
288	0.0	0.0	0.0	0.0
294	0.0	0.0	0.0	0.0
300	0.0	0.0	0.0	0.0
306	0.0	0.0	0.0	0.0
312	0.0	0.0	0.0	0.0
318	0.0	0.0	0.0	0.0
324	0.0	0.0	0.0	0.0
330	0.0	0.0	0.0	0.0
336	0.0	0.0	0.0	0.0
342	0.0	0.0	0.0	0.0
348	0.0	0.0	0.0	0.0
354	0.0	0.0	0.0	0.0
360	0.0	0.0	0.0	0.0
366	0.0	0.0	0.0	0.0
372	0.0	0.0	0.0	0.0
378	0.0	0.0	0.0	0.0
384	0.0	0.0	0.0	0.0
390	0.0	0.0	0.0	0.0
396	0.0	0.0	0.0	0.0
402	0.0	0.0	0.0	0.0
408	0.0	0.0	0.0	0.0
414	0.0	0.0	0.0	0.0
420	0.0	0.0	0.0	0.0
426	0.0	0.0	0.0	0.0
432	0.0	0.0	0.0	0.0
438	0.0	0.0	0.0	0.0
444	0.0	0.0	0.0	0.0
450	0.0	0.0	0.0	0.0
456	0.0	0.0	0.0	0.0
462	0.0	0.0	0.0	0.0
468	0.0	0.0	0.0	0.0
474	0.0	0.0	0.0	0.0
480	0.0	0.0	0.0	0.0
486	0.0	0.0	0.0	0.0
492	0.0	0.0	0.0	0.0
498	0.0	0.0	0.0	0.0
504	0.0	0.0	0.0	0.0
510	0.0	0.0	0.0	0.0
516	0.0	0.0	0.0	0.0
522	0.0	0.0	0.0	0.0
528	0.0	0.0	0.0	0.0
534	0.0	0.0	0.0	0.0
540	0.0	0.0	0.0	0.5
546	0.0	0.0	0.0	0.6000000000000001
552	0.0	0.0	0.0	0.25
558	0.0	0.0	0.0	0.0
564	0.0	0.0	0.0	0.0
570	0.0	0.0	0.0	0.0
576	0.0	0.0	0.0	0.0
582	0.0	0.0	0.0	0.0
588	0.0	0.0	0.0	0.0
594	0.0	0.0	0.0	0.0
600	0.0	0.0	0.0	0.0
606	0.0	0.0	0.0	0.19999999999999996
612	0.0	0.0	0.0	0.6000000000000003
618	0.0	0.0	0.0	0.5499999999999998
624	0.0	0.0	0.0	0.0
630	0.0	0.0	0.0	0.0
636	0.0	0.0	0.0	0.0
642	0.0	0.0	0.0	0.0
648	0.0	0.2	0.0	1.6000000000000005
654	0.0	0.3	0.0	2.4000000000000004
660	0.25	0.30000000000000004	0.0	2.4000000000000004
666	0.30000000000000004	0.24249999999999994	0.0	1.9399999999999995
672	0.125	0.12424999999999997	0.0	0.9939999999999998
678	0.0	0.0	0.0	0.5
684	0.0	0.0	0.0	0.5999999999999996
690	0.0	0.0	0.0	0.25
696	0.40000000000000013	0.0	0.0	0.0
702	2.4000000000000004	0.0	0.0	0.0
708	2.4000000000000004	0.0	0.0	0.0
714	2.4000000000000012	0.050000000000000044	0.0	0.40000000000000036
720	2.4000000000000004	0.30000000000000004	0.0	2.4000000000000004
726	0.6999999999999993	0.30000000000000004	0.0	2.400000000000002
732	0.3000000000000007	0.30000000000000004	0.0	2.3999999999999986
738	0.27500000000000036	0.21992500000000037	0.0	1.759400000000003
744	0.0	0.07500000000000018	0.0	0.8000000000000007
750	0.0	0.0	0.0	0.6000000000000014
756	0.0	0.0	0.0	0.5500000000000007
762	0.0	1.2000000000000002	0.0	0.8000000000000007
768	1.5999999999999996	1.7999999999999998	0.0	1.1999999999999993
774	2.4000000000000004	0.4500000000000002	0.0	0.3000000000000007
780	2.3999999999999986	0.0	0.0	0.0
786	2.3999999999999986	0.20000000000000018	0.0	1.6000000000000014
792	1.8000000000000007	0.2999999999999998	0.0	2.3999999999999986
798	0.25	0.2999999999999998	0.0	2.3999999999999986
804	0.3000000000000007	0.2969925	0.0	2.37594
810	0.125	0.12969924999999982	0.0	1.0375939999999986
816	0.0	0.0	0.1	0.5
822	0.0	0.0	0.6000000000000001	0.6000000000000014
828	0.0	0.2999999999999998	0.6000000000000002	0.45000000000000284
834	0.3999999999999986	1.7999999999999998	0.6000000000000001	1.2000000000000028
840	2.3999999999999986	1.3499999999999996	0.6000000000000001	0.8999999999999986
846	2.3999999999999986	0.0	0.1499999999999999	0.0
852	2.3999999999999986	0.05000000000000071	0.0	0.3999999999999986
858	2.3999999999999986	0.3000000000000007	0.0	2.3999999999999986
864	0.7000000000000028	0.3000000000000007	0.0	2.3999999999999986
870	0.29999999999999716	0.3000000000000007	0.0	2.3999999999999986
876	0.2749999999999986	0.22046992499999973	0.10000000000000009	1.7637593999999908
882	0.0	0.07499999999999929	0.2749999999999999	0.7999999999999972
888	0.0	0.0	0.3999999999999999	0.6000000000000014
894	0.0	0.0	0.6000000000000001	0.5499999999999972
900	0.0	1.1999999999999993	0.5999999999999996	0.7999999999999972
906	1.6000000000000014	1.799999999999999	0.5999999999999996	1.2000000000000028
912	2.3999999999999986	0.4499999999999993	0.4500000000000002	0.29999999999999716
918	2.3999999999999986	0.0	0.0	0.0
924	2.3999999999999986	0.1999999999999993	0.0	1.6000000000000014
930	1.7999999999999972	0.3000000000000007	0.0	2.3999999999999986
936	0.25	0.3000000000000007	0.0	2.3999999999999986
942	0.29999999999999716	0.29704699250000033	0.0	2.3763759399999955
948	0.125	0.1297046992499986	0.25	1.037637594000003
954	0.0	0.0	0.22499999999999964	0.4999999999999929
960	0.0	0.0	0.6000000000000005	0.5999999999999943
966	0.0	0.3000000000000007	0.5999999999999996	0.45000000000000284
972	0.3999999999999986	1.8000000000000007	0.5999999999999996	1.2000000000000028
978	2.3999999999999986	1.3500000000000014	0.5999999999999996	0.9000000000000057
984	2.3999999999999986	0.0	0.15000000000000036	0.0
990	2.3999999999999986	0.05000000000000071	0.0	0.4000000000000057
996	2.3999999999999986	0.23047046992499887	0.0	1.843763759399991
1002	0.7000000000000028	0.02304704699249882	0.0	0.18437637594000478
1008	0.29999999999999716	0.0023047046992488163	0.0	0.01843763759400474
1014	0.2749999999999986	2.304704699263027E-4	0.09999999999999964	0.0018437637593962108
1020	0.0	2.3047046990853914E-5	0.27500000000000036	0.20018437637594388
1026	0.0	0.0	0.40000000000000036	0.5999999999999943
1032	0.0	0.0	0.5999999999999996	0.5499999999999972
1038	0.0	1.1999999999999993	0.5999999999999996	0.7999999999999972
1044	1.6000000000000014	1.8000000000000007	0.5999999999999996	1.2000000000000028
1050	2.3999999999999986	0.4499999999999993	0.4499999999999993	0.29999999999999716
1056	2.3999999999999986	0.0	0.0	0.0
1062	2.4000000000000057	1.8668108054953336E-6	0.0	1.4934486443962669E-5
1068	1.7999999999999972	1.866810812600761E-7	0.0	1.4934486500806088E-6
1074	0.25	1.8668107060193506E-8	0.0	1.4934485648154805E-7
1080	0.29999999999999716	1.86681248237619E-9	0.0	1.4934485648154805E-8
1086	0.125	1.8668089296625112E-10	0.25	1.493447143730009E-9
1092	0.0	0.0	0.22499999999999964	0.5
1098	0.0	0.0	0.5999999999999996	0.5999999999999943
1104	0.0	0.3000000000000007	0.5999999999999996	0.45000000000000284
1110	0.4000000000000057	1.8000000000000007	0.5999999999999996	1.2000000000000028
1116	2.4000000000000057	1.3500000000000014	0.5999999999999996	0.9000000000000057
1122	2.4000000000000057	0.0	0.15000000000000036	0.0
1128	2.4000000000000057	1.680078298704757E-11	0.0	1.3440626389638055E-10
1134	2.4000000000000057	0.0	0.0	0.0
1140	0.7000000000000028	0.0	0.0	0.0
1146	0.29999999999999716	0.0	0.0	0.0
1152	0.2750000000000057	0.0	0.09999999999999964	0.0
1158	0.0	0.0	0.27500000000000036	0.20000000000000284
1164	0.0	0.0	0.40000000000000036	0.5999999999999943
1170	0.0	0.0	0.5999999999999996	0.5499999999999972
1176	0.0	1.1999999999999993	0.6000000000000014	0.7999999999999972
1182	1.5999999999999943	1.8000000000000007	0.6000000000000014	1.2000000000000028
1188	2.4000000000000057	0.4499999999999993	0.4499999999999993	0.29999999999999716
1194	2.4000000000000057	0.0	0.0	0.0
1200	2.4000000000000057	0.0	0.0	0.0
1206	1.7999999999999972	0.0	0.0	0.0
1212	0.25	0.0	0.0	0.0
1218	0.29999999999999716	0.0	0.0	0.0
1224	0.125	0.0	0.25	0.0
1230	0.0	0.0	0.22500000000000142	0.5
1236	0.0	0.0	0.6000000000000014	0.5999999999999943
1242	0.0	0.3000000000000007	0.6000000000000014	0.45000000000000284
1248	0.4000000000000057	1.8000000000000007	0.6000000000000014	1.2000000000000028
1254	2.4000000000000057	1.3500000000000014	0.6000000000000014	0.9000000000000057
1260	2.4000000000000057	0.0	0.14999999999999858	0.0
1266	2.4000000000000057	0.0	0.0	0.0
1272	2.4000000000000057	0.0	0.0	0.0
1278	0.7000000000000028	0.0	0.0	0.0
1284	0.29999999999999716	0.0	0.0	0.0
1290	0.2750000000000057	0.0	2.3047047008617483E-6	0.0
1296	0.0	0.0	2.0742342279334025E-6	0.20000000000000284
1302	0.0	0.0	0.3999999999999986	0.5999999999999943
1308	0.0	0.0	0.6000000000000014	0.5499999999999972
1314	0.0	1.2000000000000028	0.6000000000000014	0.7999999999999972
1320	0.5999999999999943	1.7999999999999972	0.6000000000000014	1.2000000000000028
1326	0.0	0.45000000000000284	0.4499999999999993	0.29999999999999716
1332	0.0	0.0	0.0	0.0
1338	0.0	0.0	0.0	0.0
1344	0.0	0.0	0.0	0.0
1350	0.25	0.0	0.0	0.0
1356	0.29999999999999716	0.0	0.0	0.0
1362	0.125	0.0	1.8669510382096632E-11	0.0
1368	0.0	0.0	0.1000000000168022	0.5
1374	0.0	0.0	0.6000000000000014	0.5999999999999943
1380	0.0	0.29999999999999716	0.6000000000000014	0.45000000000000284
1386	0.0	1.7999999999999972	0.6000000000000014	1.2000000000000028
1392	0.0	1.3500000000000014	0.6000000000000014	0.9000000000000057
1398	0.0	0.0	0.14999999999999858	0.0
1404	0.0	0.0	0.0	0.0
1410	0.0	0.0	0.0	0.0
1416	0.09999999999999432	0.0	0.0	0.0
1422	0.29999999999999716	0.0	0.0	0.0
1428	0.2750000000000057	0.0	0.0	0.0
1434	0.0	0.0	0.0	0.20000000000000284
1440	0.0	0.0	0.14999999999999858	0.5999999999999943
1446	0.0	0.0	0.0	0.5499999999999972
1452	0.0	1.2000000000000028	0.0	0.7999999999999972
1458	0.0	0.29999999999999716	0.0	0.20000000000000284
1464	0.0	0.0	0.0	0.0
1470	0.0	0.0	0.0	0.0
1476	0.0	0.0	0.0	0.0
1482	0.0	0.0	0.0	0.0
1488	0.25	0.0	0.0	0.0
1494	0.29999999999999716	0.0	0.0	0.0
1500	0.125	0.0	0.0	0.0
1506	0.0	0.0	0.0	0.5
1512	0.0	0.0	0.0	0.5999999999999943
1518	0.0	0.0	0.0	0.25
1524	0.0	0.0	0.0	0.0
1530	0.0	0.0	0.0	0.0
1536	0.0	0.0	0.0	0.0
1542	0.0	0.0	0.0	0.0
1548	0.0	0.0	0.0	0.0
1554	0.09999999999999432	0.0	0.0	0.0
1560	0.29999999999999716	0.0	0.0	0.0
1566	0.2750000000000057	0.0	0.0	0.0
1572	0.0	0.0	0.0	0.20000000000000284
1578	0.0	0.0	0.0	0.5999999999999943
1584	0.0	0.0	0.0	0.5499999999999972
1590	0.0	0.0	0.0	0.0
1596	0.0	0.0	0.0	0.0
1602	0.0	0.0	0.0	0.0
1608	0.0	0.0	0.0	0.0
1614	0.0	0.0	0.0	0.0
1620	0.0	0.0	0.0	0.0
1626	0.25	0.0	0.0	0.0
1632	0.29999999999999716	0.0	0.0	0.0
1638	0.125	0.0	0.0	0.0
1644	0.0	0.0	0.0	0.5
1650	0.0	0.0	0.0	0.5999999999999943
1656	0.0	0.0	0.0	0.25
1662	0.0	0.0	0.0	0.0
1668	0.0	0.0	0.0	0.0
1674	0.0	0.0	0.0	0.0
1680	0.0	0.0	0.0	0.0
1686	0.0	0.0	0.0	0.0
1692	0.09999999999999432	0.0	0.0	0.0
1698	0.29999999999999716	0.0	0.0	0.0
1704	0.2750000000000057	0.0	0.0	0.0
1710	0.0	0.0	0.0	0.20000000000000284
1716	0.0	0.0	0.0	0.5999999999999943
1722	0.0	0.0	0.0	0.5499999999999972
1728	0.0	0.0	0.0	0.0
1734	0.0	0.0	0.0	0.0
1740	0.0	0.0	0.0	0.0
1746	0.0	0.0	0.0	0.0
1752	0.0	0.0	0.0	0.0
1758	0.0	0.0	0.0	0.0
1764	0.25	0.0	0.0	0.0
1770	0.29999999999999716	0.0	0.0	0.0
1776	0.125	0.0	0.0	0.0
1782	0.0	0.0	0.0	0.5
1788	0.0	0.0	0.0	0.5999999999999943
1794	0.0	0.0	0.0	0.25
1800	0.0	0.0	0.0	0.0
1806	0.0	0.0	0.0	0.0
1812	0.0	0.0	0.0	0.0
1818	0.0	0.0	0.0	0.0
1824	0.0	0.0	0.0	0.0
1830	0.09999999999999432	0.0	0.0	0.0
1836	0.29999999999999716	0.0	0.0	0.0
1842	0.2750000000000057	0.0	0.0	0.0
1848	0.0	0.0	0.0	0.20000000000000284
1854	0.0	0.0	0.0	0.5999999999999943
1860	0.0	0.0	0.0	0.5499999999999972
1866	0.0	0.0	0.0	0.0
1872	0.0	0.0	0.0	0.0
1878	0.0	0.0	0.0	0.0
1884	0.0	0.0	0.0	0.0
1890	0.0	0.0	0.0	0.0
1896	0.0	0.0	0.0	0.0
1902	0.25	0.0	0.0	0.0
1908	0.29999999999999716	0.0	0.0	0.0
1914	0.125	0.0	0.0	0.0
1920	0.0	0.0	0.0	0.5
1926	0.0	0.0	0.0	0.5999999999999943
1932	0.0	0.0	0.0	0.25
1938	0.0	0.0	0.0	0.0
1944	0.0	0.0	0.0	0.0
1950	0.0	0.0	0.0	0.0
1956	0.0	0.0	0.0	0.0
1962	0.0	0.0	0.0	0.0
1968	0.09999999999999432	0.0	0.0	0.0
1974	0.29999999999999716	0.0	0.0	0.0
1980	0.2750000000000057	0.0	0.0	0.0
1986	0.0	0.0	0.0	0.20000000000000284
1992	0.0	0.0	0.0	0.5999999999999943
1998	0.0	0.0	0.0	0.5499999999999972
2004	0.0	0.0	0.0	0.0
2010	0.0	0.0	0.0	0.0
2016	0.0	0.0	0.0	0.0
2022	0.0	0.0	0.0	0.0
2028	0.0	0.0	0.0	0.0
2034	0.0	0.0	0.0	0.0
2040	0.25	0.0	0.0	0.0
2046	0.29999999999999716	0.0	0.0	0.0
2052	0.125	0.0	0.0	0.0
2058	0.0	0.0	0.0	0.5
2064	0.0	0.0	0.0	0.5999999999999943
2070	0.0	0.0	0.0	0.25
2076	0.0	0.0	0.0	0.0
2082	0.0	0.0	0.0	0.0
2088	0.0	0.0	0.0	0.0
2094	0.0	0.0	0.0	0.0
2100	0.0	0.0	0.0	0.0
2106	0.09999999999999432	0.0	0.0	0.0
2112	0.29999999999999716	0.0	0.0	0.0
2118	0.2750000000000057	0.0	0.0	0.0
2124	0.0	0.0	0.0	0.20000000000000284
2130	0.0	0.0	0.0	0.5999999999999943
2136	0.0	0.0	0.0	0.5499999999999972
2142	0.0	0.0	0.0	0.0
2148	0.0	0.0	0.0	0.0
2154	0.0	0.0	0.0	0.0
2160	0.0	0.0	0.0	0.0
2166	0.0	0.0	0.0	0.0
2172	0.0	0.0	0.0	0.0
2178	0.25	0.0	0.0	0.0
2184	0.29999999999999716	0.0	0.0	0.0
2190	0.125	0.0	0.0	0.0
2196	0.0	0.0	0.0	0.5
2202	0.0	0.0	0.0	0.5999999999999943
2208	0.0	0.0	0.0	0.25
2214	0.0	0.0	0.0	0.0
2220	0.0	0.0	0.0	0.0
2226	0.0	0.0	0.0	0.0
2232	0.0	0.0	0.0	0.0
2238	0.0	0.0	0.0	0.0
2244	0.09999999999999432	0.0	0.0	0.0
2250	0.29999999999999716	0.0	0.0	0.0
2256	0.2750000000000057	0.0	0.0	0.0
2262	0.0	0.0	0.0	0.20000000000000284
2268	0.0	0.0	0.0	0.5999999999999943
2274	0.0	0.0	0.0	0.5499999999999972
2280	0.0	0.0	0.0	0.0
2286	0.0	0.0	0.0	0.0
2292	0.0	0.0	0.0	0.0
2298	0.0	0.0	0.0	0.0
2304	0.0	0.0	0.0	0.0
2310	0.0	0.0	0.0	0.0
2316	0.25	0.0	0.0	0.0
2322	0.29999999999999716	0.0	0.0	0.0
2328	0.125	0.0	0.0	0.0
2334	0.0	0.0	0.0	0.5
2340	0.0	0.0	0.0	0.5999999999999943
2346	0.0	0.0	0.0	0.25
2352	0.0	0.0	0.0	0.0
2358	0.0	0.0	0.0	0.0
2364	0.0	0.0	0.0	0.0
2370	0.0	0.0	0.0	0.0
2376	0.0	0.0	0.0	0.0
2382	0.09999999999999432	0.0	0.0	0.0
2388	0.29999999999999716	0.0	0.0	0.0
2394	0.2750000000000057	0.0	0.0	0.0
2400	0.0	0.0	0.0	0.20000000000000284
2406	0.0	0.0	0.0	0.5999999999999943
2412	0.0	0.0	0.0	0.5499999999999972
2418	0.0	0.0	0.0	0.0
2424	0.0	0.0	0.0	0.0
2430	0.0	0.0	0.0	0.0
2436	0.0	0.0	0.0	0.0
2442	0.0	0.0	0.0	0.0
2448	0.0	0.0	0.0	0.0
2454	0.25	0.0	0.0	0.0
2460	0.29999999999999716	0.0	0.0	0.0
2466	0.125	0.0	0.0	0.0
2472	0.0	0.0	0.0	0.5
2478	0.0	0.0	0.0	0.5100000000000051
2484	0.0	0.0	0.0	0.25
2490	0.0	0.0	0.0	0.0
2496	0.0	0.0	0.0	0.0
2502	0.0	0.0	0.0	0.0
2508	0.0	0.0	0.0	0.0
2514	0.0	0.0	0.0	0.0
2520	0.09999999999999432	0.0	0.0	0.0
2526	0.29999999999999716	0.0	0.0	0.0
2532	0.2750000000000057	0.0	0.0	0.0
2538	0.0	0.0	0.0	0.20000000000000284
2544	0.0	0.0	0.0	0.2220000000000084
2550	0.0	0.0	0.0	0.1554000000000002
2556	0.0	0.0	0.0	0.0
2562	0.0	0.0	0.0	0.0
2568	0.0	0.0	0.0	0.0
2574	0.0	0.0	0.0	0.0
2580	0.0	0.0	0.0	0.0
2586	0.0	0.0	0.0	0.0
2592	0.25	0.0	0.0	0.0
2598	0.25500000000000966	0.0	0.0	0.0
2604	0.125	0.0	0.0	0.0
2610	0.0	0.0	0.0	0.10877999999999588
2616	0.0	0.0	0.0	0.07614600000000848
2622	0.0	0.0	0.0	0.05330220000000452
2628	0.0	0.0	0.0	0.0
2634	0.0	0.0	0.0	0.0
2640	0.0	0.0	0.0	0.0
2646	0.0	0.0	0.0	0.0
2652	0.0	0.0	0.0	0.0
2658	0.09999999999999432	0.0	0.0	0.0
2664	0.1110000000000042	0.0	0.0	0.0
2670	0.07770000000000721	0.0	0.0	0.0
2676	0.0	0.0	0.0	0.037311540000004584
2682	0.0	0.0	0.0	0.026118077999996103
2688	0.0	0.0	0.0	0.018282654600000114
2694	0.0	0.0	0.0	0.0
2700	0.0	0.0	0.0	0.0
2706	0.0	0.0	0.0	0.0
2712	0.0	0.0	0.0	0.0
2718	0.0	0.0	0.0	0.0
2724	0.0	0.0	0.0	0.0
2730	0.05438999999999794	0.0	0.0	0.0
2736	0.03807299999999714	0.0	0.0	0.0
2742	0.026651099999995154	0.0	0.0	0.0
2748	0.0	0.0	0.0	0.012797858219997238
2754	0.0	0.0	0.0	0.008958500754005172
2760	0.0	0.0	0.0	0.0062709505278064626
2766	0.0	0.0	0.0	0.0
2772	0.0	0.0	0.0	0.0
2778	0.0	0.0	0.0	0.0
2784	0.0	0.0	0.0	0.0
2790	0.0	0.0	0.0	0.0
2796	0.018655769999995186	0.0	0.0	0.0
2802	0.013059038999998052	0.0	0.0	0.0
2808	0.009141327300000057	0.0	0.0	0.0
2814	0.0	0.0	0.0	0.0043896653694588395
2820	0.0	0.0	0.0	0.0030727657586169244
2826	0.0	0.0	0.0	0.002150936031029005
2832	0.0	0.0	0.0	0.0
2838	0.0	0.0	0.0	0.0
2844	0.0	0.0	0.0	0.0
2850	0.0	0.0	0.0	0.0
2856	0.0	0.0	0.0	0.0
2862	0.0	0.0	0.0	0.0
2868	0.006398929110005724	0.0	0.0	0.0
2874	0.004479250377002586	0.0	0.0	0.0
2880	0.0031354752639032313	0.0	0.0	0.0
2886	0.0	0.0	0.0	0.0015056552217203034
2892	0.0	0.0	0.0	0.0010539586552056335
2898	0.0	0.0	0.0	7.377710586382591E-4
2904	0.0	0.0	0.0	0.0
2910	0.0	0.0	0.0	0.0
2916	0.0	0.0	0.0	0.0
2922	0.0	0.0	0.0	0.0
2928	0.0	0.0	0.0	0.0
2934	0.002194832684736525	0.0	0.0	0.0
2940	0.0015363828793084622	0.0	0.0	0.0
2946	0.0010754680155145024	0.0	0.0	0.0
2952	0.0	0.0	0.0	5.164397410482024E-4
2958	0.0	0.0	0.0	3.6150781873800497E-4
2964	0.0	0.0	0.0	2.5305547310949805E-4
2970	0.0	0.0	0.0	0.0
2976	0.0	0.0	0.0	0.0
2982	0.0	0.0	0.0	0.0
2988	0.0	0.0	0.0	0.0
2994	0.0	0.0	0.0	0.0
3000	0.0	0.0	0.0	0.0
3006	7.528276108672571E-4	0.0	0.0	0.0
3012	5.269793276028167E-4	0.0	0.0	0.0
3018	3.68885529326235E-4	0.0	0.0	0.0
3024	0.0	0.0	0.0	1.7713883117664864E-4
3030	0.0	0.0	0.0	1.2399718183075947E-4
3036	0.0	0.0	0.0	8.679802728295272E-5
3042	0.0	0.0	0.0	0.0
3048	0.0	0.0	0.0	0.0
3054	0.0	0.0	0.0	0.0
3060	0.0	0.0	0.0	0.0
3066	0.0	0.0	0.0	0.0
3072	2.5821987053120665E-4	0.0	0.0	0.0
3078	1.8075390936189706E-4	0.0	0.0	0.0
3084	1.2652773655474903E-4	0.0	0.0	0.0
3090	0.0	0.0	0.0	6.075861909948799E-5
3096	0.0	0.0	0.0	4.253103337248376E-5
3102	0.0	0.0	0.0	2.977172336215972E-5
3108	0.0	0.0	0.0	0.0
3114	0.0	0.0	0.0	0.0
3120	0.0	0.0	0.0	0.0
3126	0.0	0.0	0.0	0.0
3132	0.0	0.0	0.0	0.0
3138	0.0	0.0	0.0	0.0
3144	8.856941559542975E-5	0.0	0.0	0.0
3150	6.199859090827431E-5	0.0	0.0	0.0
3156	4.339901363437093E-5	0.0	0.0	0.0
3162	0.0	0.0	0.0	2.0840206346406376E-5
3168	0.0	0.0	0.0	1.4588144438221207E-5
3174	0.0	0.0	0.0	1.0211701109597016E-5
3180	0.0	0.0	0.0	0.0
3186	0.0	0.0	0.0	0.0
3192	0.0	0.0	0.0	0.0
3198	0.0	0.0	0.0	0.0
3204	0.0	0.0	0.0	0.0
3210	3.0379309549743994E-5	0.0	0.0	0.0
3216	2.1265516679136454E-5	0.0	0.0	0.0
3222	1.4885861673974432E-5	0.0	0.0	0.0
3228	0.0	0.0	0.0	7.1481907752968254E-6
3234	0.0	0.0	0.0	5.00373354839212E-6
3240	0.0	0.0	0.0	3.502613481032313E-6
3246	0.0	0.0	0.0	0.0
3252	0.0	0.0	0.0	0.0
3258	0.0	0.0	0.0	0.0
3264	0.0	0.0	0.0	0.0
3270	0.0	0.0	0.0	0.0
3276	0.0	0.0	0.0	0.0
3282	1.0420103180308615E-5	0.0	0.0	0.0
3288	7.294072219110603E-6	0.0	0.0	0.0
3294	5.105850561903935E-6	0.0	0.0	0.0
3300	0.0	0.0	0.0	2.451829431038277E-6
3306	0.0	0.0	0.0	1.7162806074111359E-6
3312	0.0	0.0	0.0	1.2013964294510515E-6
3318	0.0	0.0	0.0	0.0
3324	0.0	0.0	0.0	0.0
3330	0.0	0.0	0.0	0.0
3336	0.0	0.0	0.0	0.0
3342	0.0	0.0	0.0	0.0
3348	3.5740953876484127E-6	0.0	0.0	0.0
3354	2.50186677419606E-6	0.0	0.0	0.0
3360	1.7513067405161564E-6	0.0	0.0	0.0
3366	0.0	0.0	0.0	8.409774920892232E-7
3372	0.0	0.0	0.0	5.886842444624563E-7
3378	0.0	0.0	0.0	4.120789753869758E-7
3384	0.0	0.0	0.0	0.0
3390	0.0	0.0	0.0	0.0
3396	0.0	0.0	0.0	0.0
3402	0.0	0.0	0.0	0.0
3408	0.0	0.0	0.0	0.0
3414	0.0	0.0	0.0	0.0
3420	1.2259147155191386E-6	0.0	0.0	0.0
3426	8.581402966001406E-7	0.0	0.0	0.0
3432	6.006982147255258E-7	0.0	0.0	0.0
3438	0.0	0.0	0.0	2.8845528277088306E-7
3444	0.0	0.0	0.0	2.019186950974472E-7
3450	0.0	0.0	0.0	1.413430936736404E-7
3456	0.0	0.0	0.0	0.0
3462	0.0	0.0	0.0	0.0
3468	0.0	0.0	0.0	0.0
3474	0.0	0.0	0.0	0.0
3480	0.0	0.0	0.0	0.0
3486	4.204887460446116E-7	0.0	0.0	0.0
3492	2.943421293366555E-7	0.0	0.0	0.0
3498	2.060394876934879E-7	0.0	0.0	0.0
3504	0.0	0.0	0.0	9.894016272937733E-8
3510	0.0	0.0	0.0	6.925810680513678E-8
3516	0.0	0.0	0.0	4.8480686132279516E-8
3522	0.0	0.0	0.0	0.0
3528	0.0	0.0	0.0	0.0
3534	0.0	0.0	0.0	0.0
3540	0.0	0.0	0.0	0.0
3546	0.0	0.0	0.0	0.0
3552	0.0	0.0	0.0	0.0
3558	1.4422764138544153E-7	0.0	0.0	0.0
3564	1.0095935465415096E-7	0.0	0.0	0.0
3570	7.06715468368202E-8	0.0	0.0	0.0
3576	0.0	0.0	0.0	3.3936473187168303E-8
3582	0.0	0.0	0.0	2.3755532652103284E-8
3588	0.0	0.0	0.0	1.662887427755777E-8
3594	0.0	0.0	0.0	0.0
3600	0.0	0.0	0.0	0.0
3606	0.0	0.0	0.0	0.0
3612	0.0	0.0	0.0	0.0
3618	0.0	0.0	0.0	0.0
3624	4.947007425926131E-8	0.0	0.0	0.0
3630	3.462905340256839E-8	0.0	0.0	0.0
3636	2.42403359607124E-8	0.0	0.0	0.0
3642	0.0	0.0	0.0	1.1640210573204968E-8
3648	0.0	0.0	0.0	8.148148822328949E-9
3654	0.0	0.0	0.0	5.703697070202907E-9
3660	0.0	0.0	0.0	0.0
3666	0.0	0.0	0.0	0.0
3672	0.0	0.0	0.0	0.0
3678	0.0	0.0	0.0	0.0
3684	0.0	0.0	0.0	0.0
3690	0.0	0.0	0.0	0.0
3696	1.696824369901151E-8	0.0	0.0	0.0
3702	1.1877773431479E-8	0.0	0.0	0.0
3708	8.314430033351528E-9	0.0	0.0	0.0
3714	0.0	0.0	0.0	3.992596475654864E-9
3720	0.0	0.0	0.0	2.7948203751293477E-9
3726	0.0	0.0	0.0	1.9563657360777142E-9
3732	0.0	0.0	0.0	0.0
3738	0.0	0.0	0.0	0.0
3744	0.0	0.0	0.0	0.0
3750	0.0	0.0	0.0	0.0
3756	0.0	0.0	0.0	0.0
3762	5.8201123920298414E-9	0.0	0.0	0.0
3768	4.074067305737117E-9	0.0	0.0	0.0
3774	2.8518485351014533E-9	0.0	0.0	0.0
3780	0.0	0.0	0.0	1.3694574363398715E-9
3786	0.0	0.0	0.0	9.586216265233816E-10
3792	0.0	0.0	0.0	6.710365596518386E-10
3798	0.0	0.0	0.0	0.0
3804	0.0	0.0	0.0	0.0
3810	0.0	0.0	0.0	0.0
3816	0.0	0.0	0.0	0.0
3822	0.0	0.0	0.0	0.0
3828	0.0	0.0	0.0	0.0
3834	1.996298237827432E-9	0.0	0.0	0.0
3840	1.3974101875646738E-9	0.0	0.0	0.0
3846	9.781899734662147E-10	0.0	0.0	0.0
3852	0.0	0.0	0.0	4.69725591756287E-10
3858	0.0	0.0	0.0	3.2881075640034396E-10
3864	0.0	0.0	0.0	2.3015900296741165E-10
3870	0.0	0.0	0.0	0.0
3876	0.0	0.0	0.0	0.0
3882	0.0	0.0	0.0	0.0
3888	0.0	0.0	0.0	0.0
3894	0.0	0.0	0.0	0.0
3900	6.847358235972933E-10	0.0	0.0	0.0
3906	4.793179186890484E-10	0.0	0.0	0.0
3912	3.355182798259193E-10	0.0	0.0	0.0
3918	0.0	0.0	0.0	1.6112267076096032E-10
3924	0.0	0.0	0.0	1.127773430198431E-10
3930	0.0	0.0	0.0	7.894129794294713E-11
3936	0.0	0.0	0.0	0.0
3942	0.0	0.0	0.0	0.0
3948	0.0	0.0	0.0	0.0
3954	0.0	0.0	0.0	0.0
3960	0.0	0.0	0.0	0.0
3966	0.0	0.0	0.0	0.0
3972	2.348627958781435E-10	0.0	0.0	0.0
3978	1.6440537820017198E-10	0.0	0.0	0.0
3984	1.1507950148370583E-10	0.0	0.0	0.0
3990	0.0	0.0	0.0	5.526601398742059E-11
3996	0.0	0.0	0.0	3.8681946534779854E-11
4002	0.0	0.0	0.0	2.708588908717502E-11
4008	0.0	0.0	0.0	0.0
4014	0.0	0.0	0.0	0.0
4020	0.0	0.0	0.0	0.0
4026	0.0	0.0	0.0	0.0
4032	0.0	0.0	0.0	0.0
4038	8.056133538048016E-11	0.0	0.0	0.0
4044	5.638867150992155E-11	0.0	0.0	0.0
4050	3.9477754398831166E-11	0.0	0.0	0.0
4056	0.0	0.0	0.0	1.8957280190079473E-11
4062	0.0	0.0	0.0	1.3272938303998671E-11
4068	0.0	0.0	0.0	9.29389898374211E-12
4074	0.0	0.0	0.0	0.0
4080	0.0	0.0	0.0	0.0
4086	0.0	0.0	0.0	0.0
4092	0.0	0.0	0.0	0.0
4098	0.0	0.0	0.0	0.0
4104	0.0	0.0	0.0	0.0
4110	2.7625901566352695E-11	0.0	0.0	0.0
4116	1.9340973267389927E-11	0.0	0.0	0.0
4122	1.354294454358751E-11	0.0	0.0	0.0
4128	0.0	0.0	0.0	6.508571459562518E-12
4134	0.0	0.0	0.0	4.547473508864641E-12
4140	0.0	0.0	0.0	3.183231456205249E-12
4146	0.0	0.0	0.0	0.0
4152	0.0	0.0	0.0	0.0
4158	0.0	0.0	0.0	0.0
4164	0.0	0.0	0.0	0.0
4170	0.0	0.0	0.0	0.0
4176	9.478640095039736E-12	0.0	0.0	0.0
4182	6.636469151999336E-12	0.0	0.0	0.0
4188	4.646949491871055E-12	0.0	0.0	0.0
4194	0.0	0.0	0.0	2.2311041902867146E-12
4200	0.0	0.0	0.0	1.5631940186722204E-12
4206	0.0	0.0	0.0	1.0942358130705543E-12
4212	0.0	0.0	0.0	0.0
4218	0.0	0.0	0.0	0.0
4224	0.0	0.0	0.0	0.0
4230	0.0	0.0	0.0	0.0
4236	0.0	0.0	0.0	0.0
4242	0.0	0.0	0.0	0.0
4248	3.254285729781259E-12	0.0	0.0	0.0
4254	2.2737367544323206E-12	0.0	0.0	0.0
4260	1.5916157281026244E-12	0.0	0.0	0.0
4266	0.0	0.0	0.0	7.673861546209082E-13
4272	0.0	0.0	0.0	5.400124791776761E-13
4278	0.0	0.0	0.0	3.694822225952521E-13
4284	0.0	0.0	0.0	0.0
4290	0.0	0.0	0.0	0.0
4296	0.0	0.0	0.0	0.0
4302	0.0	0.0	0.0	0.0
4308	0.0	0.0	0.0	0.0
4314	1.1084466677857563E-12	0.0	0.0	0.0
4320	7.815970093361102E-13	0.0	0.0	0.0
4326	5.400124791776761E-13	0.0	0.0	0.0
4332	0.0	0.0	0.0	2.5579538487363607E-13
4338	0.0	0.0	0.0	1.8474111129762605E-13
4344	0.0	0.0	0.0	1.2789769243681803E-13
4350	0.0	0.0	0.0	0.0
4356	0.0	0.0	0.0	0.0
4362	0.0	0.0	0.0	0.0
4368	0.0	0.0	0.0	0.0
4374	0.0	0.0	0.0	0.0
4380	0.0	0.0	0.0	0.0
4386	3.836930773104541E-13	0.0	0.0	0.0
4392	2.7000623958883807E-13	0.0	0.0	0.0
4398	1.8474111129762605E-13	0.0	0.0	0.0
4404	0.0	0.0	0.0	8.526512829121202E-14
4410	0.0	0.0	0.0	5.6843418860808015E-14
4416	0.0	0.0	0.0	4.263256414560601E-14
4422	0.0	0.0	0.0	0.0
4428	0.0	0.0	0.0	0.0
4434	0.0	0.0	0.0	0.0
4440	0.0	0.0	0.0	0.0
4446	0.0	0.0	0.0	0.0
4452	1.2789769243681803E-13	0.0	0.0	0.0
4458	8.526512829121202E-14	0.0	0.0	0.0
4464	7.105427357601002E-14	0.0	0.0	0.0
4470	0.0	0.0	0.0	2.8421709430404007E-14
4476	0.0	0.0	0.0	1.4210854715202004E-14
4482	0.0	0.0	0.0	1.4210854715202004E-14
4488	0.0	0.0	0.0	0.0
4494	0.0	0.0	0.0	0.0
4500	0.0	0.0	0.0	0.0
4506	0.0	0.0	0.0	0.0
4512	0.0	0.0	0.0	0.0
4518	0.0	0.0	0.0	0.0
4524	4.263256414560601E-14	0.0	0.0	0.0
4530	2.8421709430404007E-14	0.0	0.0	0.0
4536	2.8421709430404007E-14	0.0	0.0	0.0
4542	0.0	0.0	0.0	1.4210854715202004E-14
4548	0.0	0.0	0.0	0.0
4554	0.0	0.0	0.0	0.0
4560	0.0	0.0	0.0	0.0
4566	0.0	0.0	0.0	0.0
4572	0.0	0.0	0.0	0.0
4578	0.0	0.0	0.0	0.0
4584	0.0	0.0	0.0	0.0
4590	1.4210854715202004E-14	0.0	0.0	0.0
4596	1.4210854715202004E-14	0.0	0.0	0.0
4602	0.0	0.0	0.0	0.0
4608	0.0	0.0	0.0	0.0
4614	0.0	0.0	0.0	0.0
4620	0.0	0.0	0.0	0.0
4626	0.0	0.0	0.0	0.0
4632	0.0	0.0	0.0	0.0
4638	0.0	0.0	0.0	0.0
4644	0.0	0.0	0.0	0.0
4650	0.0	0.0	0.0	0.0
4656	0.0	0.0	0.0	0.0
4662	0.0	0.0	0.0	0.0
4668	0.0	0.0	0.0	0.0
4674	0.0	0.0	0.0	0.0
4680	0.0	0.0	0.0	0.0
4686	0.0	0.0	0.0	0.0
4692	0.0	0.0	0.0	0.0
4698	0.0	0.0	0.0	0.0
4704	0.0	0.0	0.0	0.0
4710	0.0	0.0	0.0	0.0
4716	0.0	0.0	0.0	0.0
4722	0.0	0.0	0.0	0.0
4728	0.0	0.0	0.0	0.0
4734	0.0	0.0	0.0	0.0
4740	0.0	0.0	0.0	0.0
4746	0.0	0.0	0.0	0.0
4752	0.0	0.0	0.0	0.0
4758	0.0	0.0	0.0	0.0
4764	0.0	0.0	0.0	0.0
4770	0.0	0.0	0.0	0.0
4776	0.0	0.0	0.0	0.0
4782	0.0	0.0	0.0	0.0
4788	0.0	0.0	0.0	0.0
4794	0.0	0.0	0.0	0.0
4800	0.0	0.0	0.0	0.0
4806	0.0	0.0	0.0	0.0
4812	0.0	0.0	0.0	0.0
4818	0.0	0.0	0.0	0.0
4824	0.0	0.0	0.0	0.0
4830	0.0	0.0	0.0	0.0
4836	0.0	0.0	0.0	0.0
4842	0.0	0.0	0.0	0.0
4848	0.0	0.0	0.0	0.0
4854	0.0	0.0	0.0	0.0
4860	0.0	0.0	0.0	0.0
4866	0.0	0.0	0.0	0.0
4872	0.0	0.0	0.0	0.0
4878	0.0	0.0	0.0	0.0
4884	0.0	0.0	0.0	0.0
4890	0.0	0.0	0.0	0.0
4896	0.0	0.0	0.0	0.0
4902	0.0	0.0	0.0	0.0
4908	0.0	0.0	0.0	0.0
4914	0.0	0.0	0.0	0.0
4920	0.0	0.0	0.0	0.0
4926	0.0	0.0	0.0	0.0
4932	0.0	0.0	0.0	0.0
4938	0.0	0.0	0.0	0.0
4944	0.0	0.0	0.0	0.0
4950	0.0	0.0	0.0	0.0
4956	0.0	0.0	0.0	0.0
4962	0.0	0.0	0.0	0.0
4968	0.0	0.0	0.0	0.0
4974	0.0	0.0	0.0	0.0
4980	0.0	0.0	0.0	0.0
4986	0.0	0.0	0.0	0.0
4992	0.0	0.0	0.0	0.0
4998	0.0	0.0	0.0	0.0
5004	0.0	0.0	0.0	0.0
5010	0.0	0.0	0.0	0.0
5016	0.0	0.0	0.0	0.0
5022	0.0	0.0	0.0	0.0
5028	0.0	0.0	0.0	0.0
5034	0.0	0.0	0.0	0.0
5040	0.0	0.0	0.0	0.0
5046	0.0	0.0	0.0	0.0
5052	0.0	0.0	0.0	0.0
5058	0.0	0.0	0.0	0.0
5064	0.0	0.0	0.0	0.0
5070	0.0	0.0	0.0	0.0
5076	0.0	0.0	0.0	0.0
5082	0.0	0.0	0.0	0.0
5088	0.0	0.0	0.0	0.0
5094	0.0	0.0	0.0	0.0
5100	0.0	0.0	0.0	0.0
5106	0.0	0.0	0.0	0.0
5112	0.0	0.0	0.0	0.0
5118	0.0	0.0	0.0	0.0
5124	0.0	0.0	0.0	0.0
5130	0.0	0.0	0.0	0.0
5136	0.0	0.0	0.0	0.0
5142	0.0	0.0	0.0	0.0
5148	0.0	0.0	0.0	0.0
5154	0.0	0.0	0.0	0.0
5160	0.0	0.0	0.0	0.0
5166	0.0	0.0	0.0	0.0
5172	0.0	0.0	0.0	0.0
5178	0.0	0.0	0.0	0.0
5184	0.0	0.0	0.0	0.0
5190	0.0	0.0	0.0	0.0
5196	0.0	0.0	0.0	0.0
5202	0.0	0.0	0.0	0.0
5208	0.0	0.0	0.0	0.0
5214	0.0	0.0	0.0	0.0
5220	0.0	0.0	0.0	0.0
5226	0.0	0.0	0.0	0.0
5232	0.0	0.0	0.0	0.0
5238	0.0	0.0	0.0	0.0
5244	0.0	0.0	0.0	0.0
5250	0.0	0.0	0.0	0.0
5256	0.0	0.0	0.0	0.0
5262	0.0	0.0	0.0	0.0
5268	0.0	0.0	0.0	0.0
5274	0.0	0.0	0.0	0.0
5280	0.0	0.0	0.0	0.0
5286	0.0	0.0	0.0	0.0
5292	0.0	0.0	0.0	0.0
5298	0.0	0.0	0.0	0.0
5304	0.0	0.0	0.0	0.0
5310	0.0	0.0	0.0	0.0
5316	0.0	0.0	0.0	0.0
5322	0.0	0.0	0.0	0.0
5328	0.0	0.0	0.0	0.0
5334	0.0	0.0	0.0	0.0
5340	0.0	0.0	0.0	0.0
5346	0.0	0.0	0.0	0.0
5352	0.0	0.0	0.0	0.0
5358	0.0	0.0	0.0	0.0
5364	0.0	0.0	0.0	0.0
5370	0.0	0.0	0.0	0.0
5376	0.0	0.0	0.0	0.0
5382	0.0	0.0	0.0	0.0
5388	0.0	0.0	0.0	0.0
5394	0.0	0.0	0.0	0.0
5400	0.0	0.0	0.0	0.0
5406	0.0	0.0	0.0	0.0
5412	0.0	0.0	0.0	0.0
5418	0.0	0.0	0.0	0.0
5424	0.0	0.0	0.0	0.0
5430	0.0	0.0	0.0	0.0
5436	0.0	0.0	0.0	0.0
5442	0.0	0.0	0.0	0.0
5448	0.0	0.0	0.0	0.0
5454	0.0	0.0	0.0	0.0
5460	0.0	0.0	0.0	0.0
5466	0.0	0.0	0.0	0.0
5472	0.0	0.0	0.0	0.0
5478	0.0	0.0	0.0	0.0
5484	0.0	0.0	0.0	0.0
5490	0.0	0.0	0.0	0.0
5496	0.0	0.0	0.0	0.0
5502	0.0	0.0	0.0	0.0
5508	0.0	0.0	0.0	0.0
5514	0.0	0.0	0.0	0.0
5520	0.0	0.0	0.0	0.0
5526	0.0	0.0	0.0	0.0
5532	0.0	0.0	0.0	0.0
5538	0.0	0.0	0.0	0.0
5544	0.0	0.0	0.0	0.0
5550	0.0	0.0	0.0	0.0
5556	0.0	0.0	0.0	0.0
5562	0.0	0.0	0.0	0.0
5568	0.0	0.0	0.0	0.0
5574	0.0	0.0	0.0	0.0
5580	0.0	0.0	0.0	0.0
5586	0.0	0.0	0.0	0.0
5592	0.0	0.0	0.0	0.0
5598	0.0	0.0	0.0	0.0
5604	0.0	0.0	0.0	0.0
5610	0.0	0.0	0.0	0.0
5616	0.0	0.0	0.0	0.0
5622	0.0	0.0	0.0	0.0
5628	0.0	0.0	0.0	0.0
5634	0.0	0.0	0.0	0.0
5640	0.0	0.0	0.0	0.0
5646	0.0	0.0	0.0	0.0
5652	0.0	0.0	0.0	0.0
5658	0.0	0.0	0.0	0.0
5664	0.0	0.0	0.0	0.0
5670	0.0	0.0	0.0	0.0
5676	0.0	0.0	0.0	0.0
5682	0.0	0.0	0.0	0.0
5688	0.0	0.0	0.0	0.0
5694	0.0	0.0	0.0	0.0
5700	0.0	0.0	0.0	0.0
5706	0.0	0.0	0.0	0.0
5712	0.0	0.0	0.0	0.0
5718	0.0	0.0	0.0	0.0
5724	0.0	0.0	0.0	0.0
5730	0.0	0.0	0.0	0.0
5736	0.0	0.0	0.0	0.0
5742	0.0	0.0	0.0	0.0
5748	0.0	0.0	0.0	0.0
5754	0.0	0.0	0.0	0.0
5760	0.0	0.0	0.0	0.0
5766	0.0	0.0	0.0	0.0
5772	0.0	0.0	0.0	0.0
5778	0.0	0.0	0.0	0.0
5784	0.0	0.0	0.0	0.0
5790	0.0	0.0	0.0	0.0
5796	0.0	0.0	0.0	0.0
5802	0.0	0.0	0.0	0.0
5808	0.0	0.0	0.0	0.0
5814	0.0	0.0	0.0	0.0
5820	0.0	0.0	0.0	0.0
5826	0.0	0.0	0.0	0.0
5832	0.0	0.0	0.0	0.0
5838	0.0	0.0	0.0	0.0
5844	0.0	0.0	0.0	0.0
5850	0.0	0.0	0.0	0.0
5856	0.0	0.0	0.0	0.0
5862	0.0	0.0	0.0	0.0
5868	0.0	0.0	0.0	0.0
5874	0.0	0.0	0.0	0.0
5880	0.0	0.0	0.0	0.0
5886	0.0	0.0	0.0	0.0
5892	0.0	0.0	0.0	0.0
5898	0.0	0.0	0.0	0.0
5904	0.0	0.0	0.0	0.0
5910	0.0	0.0	0.0	0.0
5916	0.0	0.0	0.0	0.0
5922	0.0	0.0	0.0	0.0
5928	0.0	0.0	0.0	0.0
5934	0.0	0.0	0.0	0.0
5940	0.0	0.0	0.0	0.0
5946	0.0	0.0	0.0	0.0
5952	0.0	0.0	0.0	0.0
5958	0.0	0.0	0.0	0.0
5964	0.0	0.0	0.0	0.0
5970	0.0	0.0	0.0	0.0
5976	0.0	0.0	0.0	0.0
5982	0.0	0.0	0.0	0.0
5988	0.0	0.0	0.0	0.0
5994	0.0	0.0	0.0	0.0
6000	0.0	0.0	0.0	0.0
6006	0.0	0.0	0.0	0.0
6012	0.0	0.0	0.0	0.0
6018	0.0	0.0	0.0	0.0
6024	0.0	0.0	0.0	0.0
6030	0.0	0.0	0.0	0.0
6036	0.0	0.0	0.0	0.0
6042	0.0	0.0	0.0	0.0
6048	0.0	0.0	0.0	0.0
6054	0.0	0.0	0.0	0.0
6060	0.0	0.0	0.0	0.0
6066	0.0	0.0	0.0	0.0
6072	0.0	0.0	0.0	0.0
6078	0.0	0.0	0.0	0.0
6084	0.0	0.0	0.0	0.0
6090	0.0	0.0	0.0	0.0
6096	0.0	0.0	0.0	0.0
6102	0.0	0.0	0.0	0.0
6108	0.0	0.0	0.0	0.0
6114	0.0	0.0	0.0	0.0
6120	0.0	0.0	0.0	0.0
6126	0.0	0.0	0.0	0.0
6132	0.0	0.0	0.0	0.0
6138	0.0	0.0	0.0	0.0
6144	0.0	0.0	0.0	0.0
6150	0.0	0.0	0.0	0.0
6156	0.0	0.0	0.0	0.0
6162	0.0	0.0	0.0	0.0
6168	0.0	0.0	0.0	0.0
6174	0.0	0.0	0.0	0.0
6180	0.0	0.0	0.0	0.0
6186	0.0	0.0	0.0	0.0
6192	0.0	0.0	0.0	0.0
6198	0.0	0.0	0.0	0.0
6204	0.0	0.0	0.0	0.0
6210	0.0	0.0	0.0	0.0
6216	0.0	0.0	0.0	0.0
6222	0.0	0.0	0.0	0.0
6228	0.0	0.0	0.0	0.0
6234	0.0	0.0	0.0	0.0
6240	0.0	0.0	0.0	0.0
6246	0.0	0.0	0.0	0.0
6252	0.0	0.0	0.0	0.0
6258	0.0	0.0	0.0	0.0
6264	0.0	0.0	0.0	0.0
6270	0.0	0.0	0.0	0.0
6276	0.0	0.0	0.0	0.0
6282	0.0	0.0	0.0	0.0
6288	0.0	0.0	0.0	0.0
6294	0.0	0.0	0.0	0.0
6300	0.0	0.0	0.0	0.0
6306	0.0	0.0	0.0	0.0
6312	0.0	0.0	0.0	0.0
6318	0.0	0.0	0.0	0.0
6324	0.0	0.0	0.0	0.0
6330	0.0	0.0	0.0	0.0
6336	0.0	0.0	0.0	0.0
6342	0.0	0.0	0.0	0.0
6348	0.0	0.0	0.0	0.0
6354	0.0	0.0	0.0	0.0
6360	0.0	0.0	0.0	0.0
6366	0.0	0.0	0.0	0.0
6372	0.0	0.0	0.0	0.0
6378	0.0	0.0	0.0	0.0
6384	0.0	0.0	0.0	0.0
6390	0.0	0.0	0.0	0.0
6396	0.0	0.0	0.0	0.0
6402	0.0	0.0	0.0	0.0
6408	0.0	0.0	0.0	0.0
6414	0.0	0.0	0.0	0.0
6420	0.0	0.0	0.0	0.0
6426	0.0	0.0	0.0	0.0
6432	0.0	0.0	0.0	0.0
6438	0.0	0.0	0.0	0.0
6444	0.0	0.0	0.0	0.0
6450	0.0	0.0	0.0	0.0
6456	0.0	0.0	0.0	0.0
6462	0.0	0.0	0.0	0.0
6468	0.0	0.0	0.0	0.0
6474	0.0	0.0	0.0	0.0
6480	0.0	0.0	0.0	0.0
6486	0.0	0.0	0.0	0.0
6492	0.0	0.0	0.0	0.0
6498	0.0	0.0	0.0	0.0
6504	0.0	0.0	0.0	0.0
6510	0.0	0.0	0.0	0.0
6516	0.0	0.0	0.0	0.0
6522	0.0	0.0	0.0	0.0
6528	0.0	0.0	0.0	0.0
6534	0.0	0.0	0.0	0.0
6540	0.0	0.0	0.0	0.0
6546	0.0	0.0	0.0	0.0
6552	0.0	0.0	0.0	0.0
6558	0.0	0.0	0.0	0.0
6564	0.0	0.0	0.0	0.0
6570	0.0	0.0	0.0	0.0
6576	0.0	0.0	0.0	0.0
6582	0.0	0.0	0.0	0.0
6588	0.0	0.0	0.0	0.0
6594	0.0	0.0	0.0	0.0
6600	0.0	0.0	0.0	0.0
6606	0.0	0.0	0.0	0.0
6612	0.0	0.0	0.0	0.0
6618	0.0	0.0	0.0	0.0
6624	0.0	0.0	0.0	0.0
6630	0.0	0.0	0.0	0.0
6636	0.0	0.0	0.0	0.0
6642	0.0	0.0	0.0	0.0
6648	0.0	0.0	0.0	0.0
6654	0.0	0.0	0.0	0.0
6660	0.0	0.0	0.0	0.0
6666	0.0	0.0	0.0	0.0
6672	0.0	0.0	0.0	0.0
6678	0.0	0.0	0.0	0.0
6684	0.0	0.0	0.0	0.0
6690	0.0	0.0	0.0	0.0
6696	0.0	0.0	0.0	0.0
6702	0.0	0.0	0.0	0.0
6708	0.0	0.0	0.0	0.0
6714	0.0	0.0	0.0	0.0
6720	0.0	0.0	0.0	0.0
6726	0.0	0.0	0.0	0.0
6732	0.0	0.0	0.0	0.0
6738	0.0	0.0	0.0	0.0
6744	0.0	0.0	0.0	0.0
6750	0.0	0.0	0.0	0.0
6756	0.0	0.0	0.0	0.0
6762	0.0	0.0	0.0	0.0
6768	0.0	0.0	0.0	0.0
6774	0.0	0.0	0.0	0.0
6780	0.0	0.0	0.0	0.0
6786	0.0	0.0	0.0	0.0
6792	0.0	0.0	0.0	0.0
6798	0.0	0.0	0.0	0.0
6804	0.0	0.0	0.0	0.0
6810	0.0	0.0	0.0	0.0
6816	0.0	0.0	0.0	0.0
6822	0.0	0.0	0.0	0.0
6828	0.0	0.0	0.0	0.0
6834	0.0	0.0	0.0	0.0
6840	0.0	0.0	0.0	0.0
6846	0.0	0.0	0.0	0.0
6852	0.0	0.0	0.0	0.0
6858	0.0	0.0	0.0	0.0
6864	0.0	0.0	0.0	0.0
6870	0.0	0.0	0.0	0.0
6876	0.0	0.0	0.0	0.0
6882	0.0	0.0	0.0	0.0
6888	0.0	0.0	0.0	0.0
6894	0.0	0.0	0.0	0.0
6900	0.0	0.0	0.0	0.0
6906	0.0	0.0	0.0	0.0
6912	0.0	0.0	0.0	0.0
6918	0.0	0.0	0.0	0.0
6924	0.0	0.0	0.0	0.0
6930	0.0	0.0	0.0	0.0
6936	0.0	0.0	0.0	0.0
6942	0.0	0.0	0.0	0.0
6948	0.0	0.0	0.0	0.0
6954	0.0	0.0	0.0	0.0
6960	0.0	0.0	0.0	0.0
6966	0.0	0.0	0.0	0.0
6972	0.0	0.0	0.0	0.0
6978	0.0	0.0	0.0	0.0
6984	0.0	0.0	0.0	0.0
6990	0.0	0.0	0.0	0.0
6996	0.0	0.0	0.0	0.0
7002	0.0	0.0	0.0	0.0
7008	0.0	0.0	0.0	0.0
7014	0.0	0.0	0.0	0.0
7020	0.0	0.0	0.0	0.0
7026	0.0	0.0	0.0	0.0
7032	0.0	0.0	0.0	0.0
7038	0.0	0.0	0.0	0.0
7044	0.0	0.0	0.0	0.0
7050	0.0	0.0	0.0	0.0
7056	0.0	0.0	0.0	0.0
7062	0.0	0.0	0.0	0.0
7068	0.0	0.0	0.0	0.0
7074	0.0	0.0	0.0	0.0
7080	0.0	0.0	0.0	0.0
7086	0.0	0.0	0.0	0.0
7092	0.0	0.0	0.0	0.0
7098	0.0	0.0	0.0	0.0
7104	0.0	0.0	0.0	0.0
7110	0.0	0.0	0.0	0.0
7116	0.0	0.0	0.0	0.0
7122	0.0	0.0	0.0	0.0
7128	0.0	0.0	0.0	0.0
7134	0.0	0.0	0.0	0.0
7140	0.0	0.0	0.0	0.0
7146	0.0	0.0	0.0	0.0
7152	0.0	0.0	0.0	0.0
7158	0.0	0.0	0.0	0.0
7164	0.0	0.0	0.0	0.0
7170	0.0	0.0	0.0	0.0
7176	0.0	0.0	0.0	0.0
7182	0.0	0.0	0.0	0.0
7188	0.0	0.0	0.0	0.0
7194	0.0	0.0	0.0	0.0
7200	0.0	0.0	0.0	0.0
